(96865,2.1176472)
(49119,1.8909091)
(79159,1.8686131)
(26266,1.8591549)
(107872,1.8378378)
(77951,1.836478)
(196043,1.8277154)
(231117,1.800738)
(49844,1.799308)
(190056,1.7869415)
(30823,1.7746478)
(113596,1.7658863)
(189972,1.7610062)
(97885,1.76)
(79013,1.76)
(194883,1.7588652)
(124448,1.7588652)
(92991,1.7546469)
(75063,1.7526501)
(234675,1.7508417)
(1342,1.7439446)
(119859,1.7416974)
(203188,1.7366548)
(132631,1.7342657)
(127099,1.7297298)
(225735,1.7207547)
(126874,1.7204301)
(174468,1.7185185)
(198276,1.7142857)
(241060,1.7142857)
(79210,1.7122808)
(193112,1.7121772)
(233473,1.7120622)
(135366,1.7078651)
(239943,1.7062937)
(187273,1.7058823)
(179821,1.7058823)
(223660,1.7044673)
(63352,1.7039711)
(50234,1.7021277)
(83602,1.6993464)
(136283,1.6986301)
(185711,1.6977491)
(156407,1.6961131)
(37635,1.6928327)
(191978,1.6901408)
(241798,1.6901408)
(42843,1.6888889)
(213447,1.6885813)
(226825,1.6858238)
