(96865,List(0.80733943, 0.90851736, 0.83287674, 0.7567568, 0.8739496, 0.61866665, 0.9230769, 0.8516129))
(49119,List(0.9806452, 0.77018636, 0.91803277, 0.86153847, 0.55421686, 1.006135, 0.85549134, 0.8888889))
(79159,List(1.2090032, 0.7081967, 0.8301887, 0.7678019, 0.64553314, 0.8050314, 0.8994083, 1.0375427))
(26266,List(0.75609756, 0.7293447, 1.0030581, 0.9756098, 0.8095238, 0.6966292, 0.73590505, 1.0445104))
(107872,List(1.0557184, 0.8783383, 0.748538, 0.742029, 0.93413174, 0.8112676, 0.9971671, 0.7065527))
(77951,List(0.9411765, 1.2256267, 0.74805194, 0.8323699, 0.9782609, 0.9247312, 0.7741935, 0.64))
(196043,List(0.8888889, 1.0876133, 0.90066224, 0.90614885, 0.681388, 0.7294833, 0.7630769, 0.72303206))
(231117,List(0.6486486, 0.8224299, 0.9127517, 0.9768977, 0.6627219, 0.9382716, 0.886076, 1.0))
(49844,List(1.0123457, 0.73156345, 1.0980393, 0.8545994, 0.70090634, 0.80712163, 0.6390532, 1.1168091))
(190056,List(0.8760807, 0.46242774, 1.2727273, 0.7523511, 0.73333335, 0.7584098, 0.8611898, 1.414966))
(30823,List(1.2129033, 0.8597015, 0.8753799, 0.8994083, 0.7927928, 0.73537606, 0.61538464, 0.7705383))
(113596,List(0.9122807, 0.7798742, 1.125, 0.5730659, 0.95348835, 0.83435583, 0.8965517, 1.1764706))
(189972,List(0.8, 0.99378884, 0.96275073, 0.7930029, 0.90358126, 0.9667674, 1.0117648, 1.0566038))
(97885,List(0.8024316, 0.815427, 0.960961, 1.2054795, 0.83832335, 1.1495601, 0.82580644, 0.754717))
(79013,List(0.68085104, 0.6831956, 1.075, 1.0632912, 1.0289389, 1.2173913, 0.7295597, 0.8811594))
(194883,List(0.8526646, 0.7402985, 0.7710843, 1.0289389, 0.8, 0.95072466, 0.847352, 0.89164084))
(124448,List(1.0847458, 0.94871795, 0.70090634, 0.71060175, 0.77742946, 0.925816, 0.9308176, 0.87356323))
(92991,List(1.1773585, 1.0843374, 0.7570978, 0.9032258, 0.6979866, 0.9618768, 0.42236024, 0.8495575))
(75063,List(1.0455927, 0.9189189, 0.7407407, 0.93134326, 0.8408408, 0.8078176, 0.73130196, 0.9268293))
(234675,List(0.94259816, 0.87573963, 0.91495603, 0.90519875, 0.76744187, 0.9512195, 1.006135, 0.75073314))
(1342,List(1.0909091, 0.92211837, 0.8143712, 0.8328076, 1.0412699, 1.0181818, 0.8023599, 0.63414633))
(119859,List(0.91803277, 0.79742765, 0.72240806, 0.89969605, 0.83809525, 1.0196079, 0.72507554, 0.91764706))
(203188,List(0.87227416, 0.98734176, 0.83809525, 0.8484849, 0.9325153, 0.5970149, 0.86419755, 1.0123457))
(132631,List(0.90797544, 0.75151515, 1.1174604, 0.9842271, 0.6666667, 0.7764706, 0.99688476, 0.7975831))
(127099,List(1.0087976, 0.83950615, 0.92211837, 0.8588957, 1.0699089, 0.7294833, 1.060241, 0.70731705))
(225735,List(0.8080808, 0.964539, 0.794702, 0.8447205, 0.8026756, 0.69902915, 1.0491803, 1.0631229))
(126874,List(0.90797544, 0.7873016, 1.0552148, 0.9459459, 0.7380952, 0.71005917, 0.82758623, 1.04))
(174468,List(0.9166667, 0.902439, 0.8, 0.8888889, 0.8366013, 0.84705883, 0.7848101, 0.7771429))
(198276,List(0.84210527, 0.7833828, 0.99071205, 0.9904762, 0.8783383, 0.6685879, 0.6978193, 0.9195402))
(241060,List(0.89719623, 1.0789474, 0.83950615, 0.8235294, 0.72303206, 0.6835443, 0.9647059, 0.8115942))
(79210,List(0.9846154, 0.92715234, 1.0734824, 0.82758623, 0.77936965, 0.6792453, 0.88073397, 0.94409937))
(193112,List(0.996633, 0.802589, 0.7207207, 0.7318612, 0.8888889, 1.0580645, 0.7318612, 0.9142857))
(233473,List(1.0136986, 0.7717042, 0.72, 0.67752445, 0.8126984, 0.8945687, 0.93333334, 0.8235294))
(135366,List(0.8974359, 0.8607595, 0.91803277, 0.9722222, 0.90032154, 0.9056604, 0.73650795, 0.7111111))
(239943,List(0.9879518, 0.8588957, 0.9113924, 0.8648649, 0.8299712, 0.7619048, 0.8024316, 0.91925466))
(187273,List(0.9113924, 0.8648649, 1.1612903, 0.9041096, 0.9129129, 0.7388535, 0.8543689, 0.6956522))
(179821,List(0.7459807, 0.6363636, 0.8918919, 1.2013652, 0.6645367, 0.93134326, 0.90851736, 0.88622755))
(223660,List(1.1034483, 0.8358209, 0.73156345, 0.75151515, 0.9767442, 0.7017544, 0.8861538, 1.05))
(63352,List(0.7017544, 0.83116883, 1.0099667, 0.8328076, 0.83435583, 0.73846155, 0.962963, 1.0614886))
(50234,List(0.797654, 0.9896907, 1.0412699, 0.7630769, 0.8, 0.8, 0.98567337, 0.7619048))
(83602,List(0.99115044, 1.0487804, 0.8597015, 0.9344729, 0.8495575, 0.7335244, 0.75977653, 0.96))
(136283,List(1.0212766, 0.8745981, 1.0202899, 0.7804878, 0.8939828, 0.6876791, 0.91925466, 0.83692306))
(185711,List(0.5892351, 0.569863, 0.78688526, 0.984985, 1.0479233, 1.556314, 0.980057, 1.115727))
(156407,List(0.90851736, 0.9426752, 0.69970846, 0.51014495, 0.8023599, 0.9329446, 0.80473375, 1.3071896))
(37635,List(1.3118972, 0.7898089, 0.7492447, 0.9846154, 0.8292683, 0.87774295, 0.99135447, 0.65882355))
(191978,List(0.9811321, 0.9032258, 0.94871795, 0.9056604, 0.8727273, 1.0263158, 0.7121662, 0.77575755))
(241798,List(0.5944272, 0.7810651, 0.8561873, 0.918429, 0.974359, 1.0218068, 0.84813756, 1.0314466))
(42843,List(0.7368421, 0.83832335, 0.8322148, 0.8690096, 0.7012987, 0.8408408, 1.0860927, 0.9689441))
(213447,List(0.82051283, 1.083077, 1.0365448, 0.81395346, 0.7630769, 0.7833828, 0.93538463, 0.87058824))
(226825,List(0.81789136, 0.61538464, 0.97959185, 0.8712871, 0.90066224, 1.0331125, 0.8780488, 0.6923077))
