(13948,4.639879060469781)
(39394,4.544700575537998)
(65688,3.392243891283826)
(31579,3.3488414005910716)
(65674,3.103239882173272)
(649,3.1030759150890637)
(47507,2.961972424110537)
(28291,2.9021210890913087)
(8092,2.8434765299044065)
(3240,2.7561614031305868)
(17604,2.3961333026481304)
(12665,2.3746389718598815)
(59389,2.327394452019797)
(12241,2.27889695567948)
(3894,2.1641001389514494)
(47494,2.0682254260290587)
(91195,2.0551377401364617)
(87676,2.038718235711467)
(89076,2.0324276404622226)
(22165,1.9996503320579637)
(37847,1.9881727773286357)
(42698,1.8060931603965866)
(19998,1.699787484275704)
(35089,1.6585865974436496)
(44867,1.5556858221743568)
(90414,1.54182199381707)
(1776,1.5008623135336128)
(87206,1.4631162069723527)
(47695,1.4560374019938838)
(88697,1.4178333046188956)
(41364,1.3995651957263626)
(85482,1.374012909245161)
(52088,1.3412178368961523)
(26408,1.31476868291875)
(85478,1.310279521465242)
(31169,1.3029759881816116)
(44769,1.2965418777417514)
(58414,1.2914667612217547)
(38410,1.287375695361885)
(38409,1.287375695361885)
(38403,1.287375695361885)
(38405,1.287375695361885)
(38406,1.287375695361885)
(38411,1.287375695361885)
(38404,1.287375695361885)
(38412,1.2873667720112483)
(38414,1.2873583222525407)
(38413,1.2873583222525407)
(38415,1.2873378467506427)
(38418,1.2873354927277494)
(38416,1.2873354927277494)
(38421,1.2873354927277494)
(38417,1.2873354927277494)
(38419,1.2873354927277494)
(38420,1.2873354927277494)
(38423,1.2873328016361323)
(38422,1.2873328016361323)
(38427,1.2872575653776526)
(38430,1.2872575653776526)
(38434,1.2872575653776526)
(38429,1.2872575653776526)
(38432,1.2872575653776526)
(38428,1.2872575653776526)
(38433,1.2872575653776526)
(38435,1.2872575653776526)
(38431,1.2872575653776526)
(38438,1.2837068218287024)
(38437,1.2837068218287024)
(78618,1.2800479556241209)
(38440,1.2714658733608222)
(38424,1.264640391002215)
(38426,1.2638179710159538)
(38441,1.2611520341800313)
(38407,1.2610636211745145)
(38439,1.2574697340442422)
(38442,1.2569231453494565)
(12954,1.255086692416321)
(38443,1.2491723236265337)
(63838,1.245983175022537)
(38444,1.2352005585218901)
(38446,1.2352005585218901)
(6815,1.2350289158988523)
(10630,1.2245452341652627)
(90691,1.2176260080751986)
(64936,1.2172711581975952)
(37957,1.2099950197703204)
(38448,1.2094289324902503)
(38445,1.2083084640178519)
(38425,1.20378413258917)
(90203,1.2024016032587164)
(5613,1.1892080682423025)
(56303,1.1840035613649071)
(74563,1.1749306253477962)
(38450,1.1728782318284128)
(18134,1.1676616762744945)
(53702,1.1618229497654424)
(55215,1.1552575473895665)
(57138,1.1418443175679502)
(23790,1.1387929470276639)
(35097,1.127548526899477)
