(1860,24.87673546208564)
(214538,22.89615117548196)
(1854,18.464527305264063)
(85885,17.76926194682097)
(1849,17.4033946974305)
(56535,16.95315865430141)
(1694,15.34347423366361)
(39633,13.575659261107448)
(2689,11.939902654582824)
(2914,11.599448381927738)
(24512,10.709648901682836)
(24511,10.59185443788885)
(2678,9.805669125132322)
(87892,8.741795573294121)
(40509,8.362547113364682)
(38283,8.326932100320981)
(1689,8.09282195257379)
(2659,7.578474136590321)
(8737,7.545739048327084)
(2687,7.235169303936018)
(134,6.906889190634093)
(1220,6.668797545736622)
(65677,6.596285650802234)
(23966,6.279908210430948)
(6966,6.273646681140321)
(4494,6.185890001434236)
(60001,6.041568212036743)
(1772,6.027785826776832)
(83811,5.841519239500645)
(65763,5.813894664949194)
(38011,5.637319938604388)
(529482,5.615483758428703)
(354856,5.578777618001149)
(363255,5.565555510537451)
(937828,5.5618622622410845)
(828954,5.551720790838749)
(14746,5.399590196042931)
(7327,5.281921782525297)
(2646,5.270064419997832)
(18932,5.184635362690413)
(69493,5.169934640522875)
(86072,5.10695477014143)
(31310,5.072831209218062)
(62622,5.025211181292466)
(13810,4.998244939194436)
(1664,4.984969444900493)
(23957,4.96510001749934)
(79656,4.82846225705592)
(2711,4.769507288468491)
(2496,4.6776332760403045)
(19388,4.6649293215918775)
(82279,4.605959790682329)
(2465348,4.598761243957013)
(9894,4.576225026494257)
(2413,4.508220426793555)
(56913,4.490237978526435)
(82285,4.476596633083388)
(54429,4.427627144028998)
(82277,4.395872537111363)
(672,4.391131692567184)
(16711,4.357901822443111)
(82270,4.3361821861917935)
(82287,4.327335396719761)
(82286,4.300689300468367)
(2640,4.283766882606102)
(309913,4.282642937833998)
(82271,4.275470862084952)
(82284,4.258549007575138)
(82280,4.245854727441554)
(40808,4.230770792674741)
(82283,4.227051181520298)
(82269,4.22183785094343)
(82278,4.218517060196099)
(82281,4.204741408929112)
(82273,4.2044790179718055)
(82276,4.198930441239919)
(82272,4.196991532762526)
(57308,4.194850411945715)
(82288,4.19078918255724)
(82282,4.19078918255724)
(82275,4.19078918255724)
(82274,4.19078918255724)
(337912,4.175368389707537)
(1113,4.163622207515241)
(7246,4.150687008896065)
(1667,4.039721029327344)
(1797,4.039283970587811)
(2668,4.02658037182378)
(13948,4.025119920317242)
(67238,4.017521235786196)
(88394,3.999163634363833)
(39394,3.9747482538130234)
(27286,3.9697552319070963)
(55815,3.916586087235337)
(168,3.89910176178553)
(31948,3.807299015740671)
(2409,3.797182676551444)
(16624,3.792968983918358)
(7343,3.7727316384709813)
(18803,3.7469491473982126)
