(2678,9.012605667114258)
(1860,8.012603759765625)
(65677,6.108720779418945)
(2914,6.05146598815918)
(134,5.881057262420654)
(30305,5.251957893371582)
(1694,4.949555397033691)
(8737,4.8499298095703125)
(38906,4.579352855682373)
(2659,4.45060920715332)
(15761,4.257866859436035)
(27909,4.095252990722656)
(1220,4.0153326988220215)
(13948,3.7392325401306152)
(23608,3.7202701568603516)
(39394,3.6529884338378906)
(1854,3.5968995094299316)
(214538,3.56974196434021)
(3873,3.4545371532440186)
(23966,3.4538588523864746)
(4494,3.428508758544922)
(2687,3.369607448577881)
(36583,3.2794742584228516)
(1772,3.182805299758911)
(1689,3.0736887454986572)
(2689,3.0685486793518066)
(14746,2.906123638153076)
(36665,2.8883702754974365)
(7327,2.795797348022461)
(1849,2.7904562950134277)
(39753,2.7529425621032715)
(25537,2.732476234436035)
(31579,2.7218520641326904)
(39633,2.65573787689209)
(65688,2.642740488052368)
(76084,2.6163506507873535)
(16862,2.5681140422821045)
(18803,2.535552978515625)
(7246,2.5184385776519775)
(82816,2.517334461212158)
(74912,2.506887435913086)
(74363,2.499520778656006)
(57308,2.4821016788482666)
(65690,2.4515907764434814)
(14206,2.4464941024780273)
(54413,2.4294512271881104)
(56190,2.421144962310791)
(17074,2.396726608276367)
(28291,2.391838788986206)
(37945,2.355943202972412)
(47507,2.3470828533172607)
(48087,2.338488817214966)
(80238,2.304109573364258)
(56535,2.300757646560669)
(16624,2.2875397205352783)
(909,2.214059829711914)
(649,2.1879451274871826)
(2413,2.180518388748169)
(65674,2.173231840133667)
(54429,2.155902147293091)
(8092,2.1477773189544678)
(7242,2.1369173526763916)
(368,2.136564016342163)
(1797,2.1288793087005615)
(85885,2.127124309539795)
(91366,2.1087141036987305)
(38283,2.10001802444458)
(17604,2.0852420330047607)
(2711,2.0652554035186768)
(67718,2.0490591526031494)
(67238,2.0372071266174316)
(65046,2.0364768505096436)
(53955,2.023193359375)
(1113,2.016120672225952)
(204,1.9827502965927124)
(12241,1.9749107360839844)
(12665,1.950068473815918)
(67440,1.939765453338623)
(15225,1.9254435300827026)
(51015,1.9248284101486206)
(74904,1.9205734729766846)
(65763,1.9196792840957642)
(58994,1.9165892601013184)
(2409,1.9100596904754639)
(7458,1.8961769342422485)
(86871,1.8954678773880005)
(55815,1.894485354423523)
(5803,1.8860150575637817)
(3894,1.8849947452545166)
(86562,1.8843899965286255)
(59389,1.8802800178527832)
(28968,1.880239725112915)
(23957,1.8755110502243042)
(3240,1.8584321737289429)
(65671,1.8515594005584717)
(25184,1.8375338315963745)
(65709,1.8361784219741821)
(91195,1.8286303281784058)
(81183,1.8089842796325684)
(54308,1.7957804203033447)
